35657891
54493401
54615879
58419574
48613351
42950440
55957410
24292598
57188483
57189884
25666050
43925920
10194157
40178390
51279226
36595716
53528390
55809682
53936783
30558257
898559
34931316
56962737
28335698
28335699
56454615
52331179
55050273
49021976
4932435
29103028
36373298
37173847
45037760
49798827
23106013
28257707
30966931
54897345
49089453
44767458
35621572
32440502
49183690
22249640
1137215
101942
437790
15839976
11217124
833710
33153548
31138556
33151824
1009259
29963977
16131932
19389520
68427
49079279
52050732
22878967
52178540
13539191
6295541
51847076
38089205
42769202
35832660
33176217
33543870
44453462
36485213
40189843
46005598
34730465
43390795
17987501
34618380
43716670
33985598
37635562
37640636
40117350
42578105
43192240
24156733
41211815
35480139
25181955
287861
31434700
35710156
28464896
35519109
38464992
28811018
28169061
156784
28811016
36047195
25972196
36454667
28335696
7022317
1051620
27003
365
35391324
37541828
34531764
36103742
32065020
34002132
35437058
34928122
40445
6043781
36416689
31804249
30329711
23524779
17888374
25342750
22500562
28385685
28182262
18122
119324
32283133
29936142
29940794
17554595
7165300
35506021
33395557
16119044
29564630
26791238
23253921
18809484
33617257
18131799
16123975
13541180
10221341
8113344
18138189
26862220
7261549
32714413
32610569
4893390
2157243
284440
25367735
34538192
32056417
29420590
26816562
34703445
30688013
34605782
32507304
34757519
34809441
27419654
34829165
25830594
34776204
34740470
25729359
23848809
15784263
30736665
33025240
34403860
32109569
31396262
29612579
23559647
30078567
1455439
34101303
30243858
23397921
31176804
12796771
8562526
7683254
91981
2570856
25877663
944076
2315892
902715
23848192
944073
30229083
28603698
23157777
23437156
26863057
19288321
45108
45109
29384742
26068046
68488
29868610
45110
4407
45102
45101
45100
45112
337132
6352142
4703450
45107
30165203
16847978
22886612
25972177
8935689
89187
26771521
20662430
22171697
77566
325661
147908
18656030
25648897
25733990
26170028
16131032
15837317
17332218
20886354
7235533
28881
13452375
21411388
25188109
623976
16280689
22443261
20518872
25451852
15704486
12111823
29056083
18739426
28698036
25337294
17970723
7193686
28092009
12591698
11961115
8855321
55399
421007
22046915
15575
19161852
24876258
64216
95431
2915837
1045145
116295
22838183
16065004
18007564
34497
25131180
18587862
6585201
91476
20883847
25617099
21899783
23835749
18134913
24358527
13616278
149267
11557
21048855
22599303
17707471
18947303
11806282
7000922
18714917
23654163
17608111
20653339
18139131
18569078
22493195
8680418
8680417
15704459
18476102
18730784
17880298
20174424
18079705
21535271
22823333
23947089
1215032
186074
18243345
17182126
1268479
21032488
23597688
20614529
6255949
17910124
15790883
11737387
15763857
20949240
9931820
11125
976
17212231
6411961
968
960
185748
11607
119322
17619479
22283
14064
22550
47212
91477
9014
67035
12109463
8100267
77711
18966322
7779059
4699575
7132363
34
28850
93124
12216302
136251
823
60212
60211
68429
68428
2767793
10803121
78129
220969
11950840
13145815
10324651
16280685
15728721
16071748
13536649
12700306
9595620
9595650
9533378
9645260
17879401
15750692
15810910
18191856
18933991
18476843
7492383
6285903
17934530
3227063
11968600
41804
24213
15241
8058301
10664113
15881
91478
91479
99383
11566
3
10572
91475
91474
2
927979
13603717
13314945
13202200
13178410
12287209
17855756
13453029
13425846
17683
3475161
13496
5
6
3019950
710437
7064529
20572455
9601799
1096639
18405221
50027
20637206
2890090
6736971
16280678
311864
15998999
15999003
10626950
8074907
887877
127455
18214414
16160797
104089
16280691
51964
1006596
338327
13542606
18114057
14497
13569581
10361837
13608133
9579634
14743
8801543
448873
3173125
9466833
3428935
10790290
208
8752885
8722254
19485109
3636
18047306
322067
9969571
12844699
144127
1111572
5907
1885
13485378
5759
16250940
711901
16148938
2429135